0.9591546689371008 
0.9627085901581064 
0.9615178042717224 
0.9562247696887856 
0.9591811595904688 
0.9603351323988414 
0.9597434437459926 

0.9982654104509241 
0.9994129113288969 
0.9964031121330842 
0.996329038168851 
0.999376528521502 
0.9955313704884753 
0.9986991603277949 

0.9976688932222745 
0.9969415346804127 
0.9993483166166952 
0.99860313654891 
0.9992484462011044 
0.9983665266064514 
0.9982131143028996 

0.9988162724931594 
1.0 
1.0 
0.9990133199373414 
0.9986868017972348 
1.0 
nan 

1.0 
1.0 
1.0 
nan 
nan 
nan 
nan 

1.0 
1.0 
nan 
nan 
nan 
nan 
nan 

