0.922632831866604 
0.9166245615885237 
0.9152250606126127 
0.9142877948761281 
0.9233606404584163 
0.9126314371042814 
0.9213534904664414 

0.9726315631759858 
0.9716688075829876 
0.968030954273261 
0.969226656928981 
0.9780749006967012 
0.9711513427926123 
0.9783962404656597 

0.97662648152979 
0.982237969497257 
0.9817051243679435 
0.9874341412012645 
0.9880187519627583 
0.9869228587482863 
0.9874559956664877 

0.9846172567796385 
0.9847224120924896 
0.9864823620021144 
0.9911504948799374 
0.9960586786346105 
0.9960174116743024 
nan 

0.9908607953667559 
0.9934933808516666 
0.995639209020428 
nan 
nan 
nan 
nan 

0.9934843804837897 
1.0 
nan 
nan 
nan 
nan 
nan 

