0.920362849336041 
0.9164540831653389 
0.9152611891528712 
0.9166125923739271 
0.9123806718736834 
0.9182920271738076 
0.9220215834332096 

0.9709298122693167 
0.974616305895507 
0.9637889753460844 
0.9673865503141426 
0.9616574934517754 
0.971098250911195 
0.9730634251553516 

0.9812583467206819 
0.9883731120695864 
0.9837203722574667 
0.9818954228818849 
0.9887227362110245 
0.9918272878303571 
0.9856937190566258 

0.9799974507997486 
0.9879938855194732 
0.9912542976780307 
0.9920977549941157 
0.990787388097316 
0.9900228626364472 
nan 

0.9932991552658686 
0.99429049290192 
0.9985509521447625 
nan 
nan 
nan 
nan 

0.9890110320135339 
0.9984649764898945 
nan 
nan 
nan 
nan 
nan 

