0.9603325898565157 
0.9603385101536459 
0.9609349603094305 
0.9568088947037698 
0.9603658711745927 
0.9615327799688939 
0.9604306288021355 

0.9971079764983168 
0.9964741408630229 
0.9958027130724563 
0.9944908813417453 
0.9987520292207792 
0.996172093544317 
0.9973915939280108 

0.9988347864377694 
0.9987773018269616 
0.9993490184357615 
0.9972052961193639 
0.9977419006377093 
0.9983674775928297 
0.9973187904201435 

0.9988162724931594 
1.0 
0.9992060722184933 
1.0 
1.0 
1.0 
nan 

1.0 
0.9991846412798501 
1.0 
nan 
nan 
nan 
nan 

1.0 
1.0 
nan 
nan 
nan 
nan 
nan 

